$MeshFormat
4.1 0 8
$EndMeshFormat
$PhysicalNames
7
0 1 "bottom"
1 2 "beam"
1 3 "bottom"
1 4 "inlet"
1 5 "damping_in"
1 6 "damping_out"
2 7 "fluid"
$EndPhysicalNames
$Entities
9 9 1 0
1 0 -10 0 1 1 
2 390 -10 0 1 1 
3 391 -10 0 1 1 
4 780 -10 0 1 1 
5 780 0 0 0 
6 650 0 0 0 
7 390 0 0 0 
8 130 0 0 0 
9 0 0 0 0 
1 -9.999999406318238e-08 -10.0000001 -1e-07 390.0000001 -9.999999900000001 1e-07 1 3 2 1 -2 
2 389.9999999 -10.0000001 -1e-07 391.0000001 -9.999999900000001 1e-07 1 3 2 2 -3 
3 390.9999999 -10.0000001 -1e-07 780.0000001 -9.999999900000001 1e-07 1 3 2 3 -4 
4 779.9999999 -10.0000001 -1e-07 780.0000001 1.000000002804313e-07 1e-07 0 2 4 -5 
5 649.9999999 -1e-07 -1e-07 780.0000001 1e-07 1e-07 1 6 2 5 -6 
6 389.9999999 -1e-07 -1e-07 650.0000001 1e-07 1e-07 1 2 2 6 -7 
7 129.9999999 -1e-07 -1e-07 390.0000001 1e-07 1e-07 1 2 2 7 -8 
8 -9.999999406318238e-08 -1e-07 -1e-07 130.0000001 1e-07 1e-07 1 5 2 8 -9 
9 -1e-07 -10.0000001 -1e-07 1e-07 1.000000002804313e-07 1e-07 1 4 2 9 -1 
1 -39.01120312524415 -10.5627249579064 -1e-07 818.9889809030211 0.4516138467952882 1e-07 1 7 9 8 9 1 2 3 4 5 6 7 
$EndEntities
$Nodes
19 9 1 9
0 1 0 1
1
0 -10 0
0 2 0 1
2
390 -10 0
0 3 0 1
3
391 -10 0
0 4 0 1
4
780 -10 0
0 5 0 1
5
780 0 0
0 6 0 1
6
650 0 0
0 7 0 1
7
390 0 0
0 8 0 1
8
130 0 0
0 9 0 1
9
0 0 0
1 1 0 0
1 2 0 0
1 3 0 0
1 4 0 0
1 5 0 0
1 6 0 0
1 7 0 0
1 8 0 0
1 9 0 0
2 1 0 0
$EndNodes
$Elements
19 25 1 25
0 1 15 1
1 1 
0 2 15 1
2 2 
0 3 15 1
3 3 
0 4 15 1
4 4 
0 5 15 1
20 5 
0 6 15 1
21 6 
0 7 15 1
22 7 
0 8 15 1
23 8 
0 9 15 1
24 9 
1 1 1 1
5 1 2 
1 2 1 1
6 2 3 
1 3 1 1
7 3 4 
1 4 1 1
25 4 5 
1 5 1 1
8 5 6 
1 6 1 1
9 6 7 
1 7 1 1
10 7 8 
1 8 1 1
11 8 9 
1 9 1 1
12 9 1 
2 1 2 7
13 6 4 5 
14 1 8 9 
15 7 2 3 
16 2 8 1 
17 6 3 4 
18 7 3 6 
19 7 8 2 
$EndElements
